9.699103886645840333e+00
7.157986725041594056e+00
1.175923676927301464e+01
7.314177034198231730e+00
1.762012564815905691e+01
6.240448080509718665e+00
7.646011960782091776e+00
8.112019923217095752e+00
8.751344857174274239e+00
6.349917269118417806e+00
5.436137033185653777e+00
6.743697030872196407e+00
8.242195389037775044e+00
9.513877263365220216e+00
9.067928501825267773e+00
9.595646082961884815e+00
8.697825632430090437e+00
1.247079933635320614e+01
9.108895824462836188e+00
9.516281593610116829e+00
7.468609173978666860e+00
1.112930069108915809e+01
8.381505733427720983e+00
6.986471164609527662e+00
6.064232783200623089e+00
5.825579557614086745e+00
1.479786675574192856e+01
6.118655919179907698e+00
1.411612300379992568e+01
5.404938244383513890e+00
9.766697114890590115e+00
7.960083392457720564e+00
7.636030913721199909e+00
1.116124757378670829e+01
1.040740338589597158e+01
1.257781561609395204e+01
8.411884576078749731e+00
6.818514888181561595e+00
1.024090577245900668e+01
5.731208583177412663e+00
4.685694857698691429e+00
1.254500731831369009e+01
6.618856318500829339e+00
8.744373482934824082e+00
1.509593511055290449e+01
1.030724102965242039e+01
1.007614596016517439e+01
7.435943429535539551e+00
8.163345844835477649e+00
1.191598565257051234e+01
7.633136561045730240e+00
9.092738376285760538e+00
9.998222415284239162e+00
6.383122331553463091e+00
1.352398867422149920e+01
7.663027168492717145e+00
6.854979574976457712e+00
1.022131263303441884e+01
9.575889301896847172e+00
9.911895971428041463e+00
7.275315221773754004e+00
7.944077861758866099e+00
1.396050668526029703e+01
6.578474438334362517e+00
1.624289386396673862e+01
6.475290556935669350e+00
8.433671671387196866e+00
5.677366881989646785e+00
1.308964975548015985e+01
8.392756899396459858e+00
5.726202377312851866e+00
1.417882223057211455e+01
7.919971607419552306e+00
1.042824195196184967e+01
1.309202941035924361e+01
1.371443201205365270e+01
5.907905663205987423e+00
1.220519916677908867e+01
7.024969627288107255e+00
7.014706574714438148e+00
1.089440749525978269e+01
1.105806774313901286e+01
1.493488876373677599e+01
4.907015123412441504e+00
4.899881531525079659e+00
7.907495547111127898e+00
1.987715026169206922e+01
4.033209220169632125e+00
1.575195340922959630e+01
9.183462547321942893e+00
6.067361629299138137e+00
7.014367400928603224e+00
7.700098874797907555e+00
5.916091630340986285e+00
1.500575097115332568e+01
7.355180033570710485e+00
9.159729509184229457e+00
9.062277002116665869e+00
8.826585652237188384e+00
1.539923766068357835e+01
9.938422615843988339e+00
1.772163380613691430e+01
1.105624168662044404e+01
1.215650495439051682e+01
9.245024883503786484e+00
4.305086659083075418e+00
8.838900358430130666e+00
6.843457841281159304e+00
8.593497462408608456e+00
1.027118376222009566e+01
7.997281365453905444e+00
1.007665728070247191e+01
6.299059881190015808e+00
9.912093446708945876e+00
1.330500835443221241e+01
1.761769307348447100e+01
1.372867466718445861e+01
1.205013853182836314e+01
7.757940661665164050e+00
9.857905159343868462e+00
9.151286114648783609e+00
1.106077883029806230e+01
6.015251258917235333e+00
8.902359371276798328e+00
6.139654459796430430e+00
1.290767772210602260e+01
1.240039747965712280e+01
1.366379057432111921e+01
9.133285382349608739e+00
7.482680767684916745e+00
5.130707555788855068e+00
6.230561114011185175e+00
6.008847043094065477e+00
1.484036258564295352e+01
9.504423485223604473e+00
1.275799960961646384e+01
1.680994991498377900e+01
7.099459625769960702e+00
1.025647068953402830e+01
1.213608980168973872e+01
1.348265058476567546e+01
1.039560505418064018e+01
1.453434356350935452e+01
1.052573933437051501e+01
1.770321067738537835e+01
9.418870894584445708e+00
1.531691783236826865e+01
1.213507908904749399e+01
5.412762900986455072e+00
8.871118662668802557e+00
8.414684371027949084e+00
9.023236657433345798e+00
1.507386142855277456e+01
1.249983200722635779e+01
1.201553668012759246e+01
6.839997220452115556e+00
7.602807581231635581e+00
7.976781160090865797e+00
4.938068621974485595e+00
5.304334256857555552e+00
4.708497397895794023e+00
9.161629745594906282e+00
9.050759283963026647e+00
8.139957978924808657e+00
7.418951827132207910e+00
1.148095403696378902e+01
1.475795213475657874e+01
7.800276839446087962e+00
1.118454962828647226e+01
1.078900579558746919e+01
1.538080364320311766e+01
1.001739201272596347e+01
5.327036993743054616e+00
1.150005998387046269e+01
1.586166255928959501e+01
5.945176169211669581e+00
1.660399119416461744e+01
1.283955221707972072e+01
6.143119808428955331e+00
9.221178217991417014e+00
1.492251834057967130e+01
1.398559855600210433e+01
1.026643731052012498e+01
6.652155246463570926e+00
9.983041838532477286e+00
8.796025215532269570e+00
9.073523981452256137e+00
8.455608240469494774e+00
7.896926803153965224e+00
5.370377585838624235e+00
1.029937582367685600e+01
1.367942971821278064e+01
6.882501046769093023e+00
5.887361049587248374e+00
6.599462798910099792e+00
6.952836715731625539e+00
1.234658190780578657e+01
1.143575349104853167e+01
1.137510301394637047e+01
1.283729622040207019e+01
5.644021919652439934e+00
4.330962640309156342e+00
5.713595962201642564e+00
8.871810072927381441e+00
9.026892261439687815e+00
6.825712422473855234e+00
9.974405397987993638e+00
7.049482720524308021e+00
7.623476620848880891e+00
6.804164211557473863e+00
1.034790584206536579e+01
5.825670703274111517e+00
6.847502677138439964e+00
7.774198559504291062e+00
4.987543427539031349e+00
8.993122818604195601e+00
4.970897296234867646e+00
8.447725149902284514e+00
5.228389087021204418e+00
6.647049918514730038e+00
9.243195188197178780e+00
1.418686469088556201e+01
1.225316702253971179e+01
8.441428053850909663e+00
7.540004264865054040e+00
1.109220014702340684e+01
1.149208574958976037e+01
8.285693603144965280e+00
6.306124048768769974e+00
1.095810421427787773e+01
8.712262014095873752e+00
6.476834394163792474e+00
1.121506787522705473e+01
1.188318839915838154e+01
5.685888094664971248e+00
8.547670698740228445e+00
6.024710938625610801e+00
1.101488042859474703e+01
1.009509680156465095e+01
1.891475027027121669e+01
9.386578643916534404e+00
6.421411008216860061e+00
9.817818709666624954e+00
8.853493325054319740e+00
1.087417955844621353e+01
1.111143758631220102e+01
9.036420197190469850e+00
6.751310889023619310e+00
1.191675340857826448e+01
9.626209211344972871e+00
