8.395905142780972497e-02
4.127474977567837100e-01
2.118094104720740778e-01
6.138587879680473813e-02
4.316272162151745251e-01
1.892561851024065211e-01
9.996471730239263609e-01
1.700224202290411268e-01
4.510928148616567129e-02
3.194437690982421252e-01
8.113774406256067939e-01
6.280052974230208862e-02
2.777037133844760253e-01
1.717340822103367859e-01
9.388549731939213050e-01
6.148189735165093123e-02
2.134253049351482745e-01
3.052310206938311232e-01
7.764684253693828753e-01
1.797198617097478246e-01
2.535053608163480576e-01
4.592825783862899969e-02
1.907898460499897753e-01
3.624216270235240400e-01
1.158860843576545313e-01
3.031924934818993611e-01
4.170681467100066375e-01
3.637059713807522243e-02
3.273328428219869635e-02
1.249457505510729871e-01
4.877989008832286227e-02
8.181546626850758064e-02
4.169695829455050129e-02
2.281170657120492051e-01
7.361964332939594513e-01
3.598742111559765644e-01
7.438386524151473222e-02
4.661250944442097421e-01
1.009596822944113792e-01
4.905078929292339129e-02
2.394332082116119587e-01
4.266533414105424526e-01
7.963051705553873816e-02
9.596472267483738272e-02
9.144104634734853132e-01
4.383916139563070330e-02
1.643796562596449018e-01
8.681197575412291645e-02
7.182850097203283268e-02
2.407152513324812004e-01
9.997969348032996750e-01
1.932322135290904519e-01
9.996727589197444974e-01
3.894795521680425865e-01
8.518373731845155783e-01
8.968113748335366786e-01
7.202721416395012621e-01
6.053466696548237547e-01
6.427848509587980042e-01
9.497304660608544280e-01
8.275765228004844376e-01
8.430963508125230987e-01
1.820338915562217941e-01
8.807313420487382638e-01
9.644594097381757880e-01
6.514059246531214153e-01
8.289144615227889146e-01
9.986069504532515406e-01
3.793487226344105512e-01
9.482520791680565386e-01
9.774244086063013093e-01
3.118115951156552601e-01
6.300748685382751013e-01
4.262022474268072347e-01
8.020873869997380279e-01
9.912836017838689839e-01
7.102157301123355193e-01
4.702087207801826096e-01
9.820117305287748843e-01
2.498708403714919590e-01
1.602604830770818223e-01
9.998601128206368038e-01
9.681688044633617318e-01
9.343402462401761976e-01
5.085322634496162175e-01
8.780018335907273652e-01
8.046773702533505102e-01
6.498029884682742230e-01
7.525089868872331111e-01
9.999454554726115996e-01
2.342785725904060479e-01
7.147137626743377270e-01
6.953308880487513166e-01
8.041847088594837878e-01
8.354013748844525411e-01
5.220584791725234597e-01
5.029738557928494780e-01
7.232956640258898506e-01
9.979439320216575426e-01
4.142511836177283358e-01
