1.849953337963193001e-01
1.220791153064166579e-01
1.207852834967048233e-01
1.228427194437149289e-01
9.455383373759802534e-01
9.166822349592030905e-01
3.093723093842065119e-01
9.361829914020965149e-03
2.275558602520605100e-01
1.893130713175709412e-01
1.697399271602882120e-01
1.204080283785075867e-01
8.265533099532219596e-01
9.178534931411516662e-02
8.516397137795387318e-01
3.987170063430511141e-02
2.916344816415554209e-01
1.510439877980483681e-01
2.708835857533164471e-01
6.273139763444492145e-02
1.450786927083112798e-01
2.209632019640479506e-01
1.217282309852342759e-01
4.457694353603385007e-02
2.213137546093185137e-01
2.223133600074232996e-01
3.785960663552684347e-01
9.805251710504990503e-02
9.844233682964736998e-02
1.150523487669959932e-01
4.122508264018687751e-01
5.835676369521146656e-01
7.013397235469343016e-02
1.849199339525258445e-01
7.390333519816992547e-02
2.900645567048353302e-01
3.640263853185420895e-01
2.808386177503571779e-01
1.038725373185876155e-01
1.818640948021820261e-02
2.285281406293772910e-01
6.809466479580214560e-02
2.028854515275635428e-01
3.156093254718486119e-01
8.909837287042984832e-02
2.237065374953621510e-01
2.562076747457948667e-01
3.695713821039751934e-02
1.410424749423894453e-01
1.568386884847444984e-01
9.317855755325075151e-01
7.358836243389835774e-01
7.833305536421948378e-01
8.592675208406636012e-01
5.865927228934774140e-01
8.451064952172457900e-01
9.096532645879564782e-01
6.675485729388078715e-01
6.507423247140727840e-01
9.565950933272547863e-01
8.962023761185582416e-01
4.227020740207215743e-01
9.773337772523212896e-01
6.752938634585575750e-01
5.098909783257867812e-01
9.794628855105931287e-01
9.524517947107902227e-01
8.125922125115723205e-01
9.021820086755800716e-01
4.216910684263184272e-01
6.252297764873447905e-01
4.783866352161887381e-01
3.509581962519789933e-01
9.847919195976815310e-01
2.575119945501317953e-01
8.466291335983924249e-01
8.244665108900807171e-01
7.249136108070145523e-01
8.390147432197274380e-02
7.632555600825318143e-01
7.534911264891061000e-01
8.903322709138822288e-01
8.931204499595779556e-01
9.624907499097895558e-01
7.666126826327038790e-01
9.547908339562359847e-01
9.955925620700197820e-01
4.095736104273897671e-01
9.809345620424821943e-01
8.975747114456649189e-01
7.353312156993744297e-01
4.907089544429926176e-01
5.643886822644920143e-01
8.609824539022298273e-01
2.190553037710978312e-01
9.477372885409662828e-01
8.910611597488977687e-01
6.731991938597479130e-01
8.274172566817079577e-01
9.788009697102010298e-01
