3.385696443090108199e-01
4.404783208492674129e-02
4.040890408968393632e-02
6.938101220621765985e-02
6.963215565500331661e-02
1.556254781114211894e-01
8.088014882537970796e-02
4.245859116999465069e-03
1.328307238667482681e-01
2.541355798125947973e-02
5.176085100640540754e-02
5.526272436830021589e-02
6.855958558972292949e-02
7.180016165448822874e-02
2.175436110496421771e-02
4.946747792647896436e-01
1.866259543032988688e-02
4.141194467861361583e-02
1.055460393369706956e-01
1.340992133779089941e-02
1.438954186217726236e-02
1.457645207380895425e-01
8.115744575477876199e-02
1.070943395183264896e-01
7.051019239198948359e-03
8.970619614142029755e-03
3.295701510093526632e-02
2.576240607636929303e-01
1.814921006519087596e-02
5.906281370397583608e-01
8.790904326833275106e-02
1.726906859059434626e-02
7.215140057243957065e-03
2.117441981304628296e-02
2.172800685010759236e-01
7.189445501376696968e-02
2.115977199864427782e-01
2.813455742376931301e-01
2.501097040246160613e-02
2.645471431750154312e-02
7.179319580980492166e-02
2.934936980887586228e-02
1.147125293755730559e-02
1.099341547427930554e-01
6.992846479920702962e-02
1.122534665354477518e-01
1.795745804141717084e-02
6.099312416234793990e-03
4.914297811158131746e-02
1.179240974155774113e+00
6.281554456560980992e-02
1.241324764769346917e-01
2.923194988325170454e-02
1.267208109001337901e-01
6.889142145729180988e-02
8.071498465432737357e-03
7.480014020522704477e-02
5.605691680421194534e-02
1.044703603389740137e-01
5.894919591804929221e-02
2.961118684574742810e-02
2.162045993151541154e-02
4.369667154079134690e-03
1.291739737459493886e+00
7.629761551648621687e-01
6.214174836012821279e-01
5.882257278046264526e-01
7.497732010804405434e-01
7.145637897881936818e-01
1.486065240800244602e+00
2.241920240078896231e+00
1.199006576719326755e+00
1.161399174740480378e+00
9.033794972952337021e-01
1.239735234234977224e+00
5.786065143051757342e-01
8.912744590697520009e-01
7.337251019444849254e-01
9.667144155158090557e-01
3.955787814144759995e-01
9.072660801254981422e-01
2.291089819199161326e+00
1.214015285062242322e+00
1.005518294732451023e+00
6.076581902271923630e-01
5.463246169489511805e-01
6.784996661692933584e-01
1.079862403979803043e+00
1.617486525240289907e+00
9.673284793033203321e-01
6.307163622028368888e-01
9.262548748860139902e-01
7.296848536990444556e-01
9.955284824690648904e-01
7.980329913246450024e-01
1.402446162909861682e+00
1.160080402928826748e+00
6.167062849178756023e-01
1.104304512139694383e+00
1.347519835294842538e+00
1.716210363536950112e+00
9.319220829350427504e-01
8.379747556288258403e-01
1.328177276209992597e+00
4.335882015501761888e-01
8.454694998204065337e-01
8.953022689582074145e-01
1.181786501676319379e+00
7.044995540249925359e-01
5.367277916288931694e-01
1.308031755660827411e+00
4.923500686737082299e-01
1.101990633639251094e+00
5.594073994231436586e-01
4.371567057150744229e-01
1.249394913063215595e+00
1.557403084780224045e+00
7.112068589102610305e-01
1.252071637622957256e+00
9.143572903313803568e-01
8.078671707430605808e-01
8.111506839080160347e-01
6.599465546370445468e-01
1.083073589307669060e+00
1.616316906167021727e+00
3.115177179053794099e-01
